magic
tech scmos
timestamp 1765735694
<< pwell >>
rect 172 4 204 21
rect -19 -8 204 4
rect -41 -46 -29 -36
rect 57 -52 89 -35
rect 172 -52 204 -35
rect -19 -64 204 -52
rect -41 -111 -29 -101
rect 57 -108 89 -91
rect 172 -108 204 -91
rect -19 -120 204 -108
rect -43 -167 -31 -157
rect 57 -164 89 -147
rect 172 -164 204 -147
rect -19 -176 204 -164
<< nwell >>
rect -26 38 203 40
rect -26 28 204 38
rect -26 22 34 28
rect 88 24 149 28
rect 172 24 182 28
rect 194 24 204 28
rect 96 22 149 24
rect -26 19 2 22
rect -26 14 -7 19
rect 96 14 108 22
rect -41 -18 -10 -17
rect -41 -27 204 -18
rect -20 -29 204 -27
rect -19 -30 204 -29
rect -19 -43 -6 -30
rect 57 -32 67 -30
rect 79 -32 109 -30
rect 172 -32 182 -30
rect 194 -32 204 -30
rect 96 -42 109 -32
rect -17 -73 205 -72
rect -18 -77 205 -73
rect -19 -82 205 -77
rect -42 -84 205 -82
rect -42 -92 -6 -84
rect 57 -88 67 -84
rect 79 -88 109 -84
rect 172 -88 182 -84
rect 194 -88 204 -84
rect 89 -89 109 -88
rect -19 -98 -6 -92
rect 95 -98 109 -89
rect -18 -134 204 -129
rect -19 -137 204 -134
rect -43 -140 204 -137
rect -43 -147 -5 -140
rect 57 -144 67 -140
rect 79 -144 109 -140
rect 172 -144 182 -140
rect 194 -144 204 -140
rect -19 -155 -5 -147
rect 95 -154 109 -144
<< polysilicon >>
rect -14 39 103 41
rect -14 18 -12 39
rect 40 20 42 22
rect 101 18 103 39
rect 173 31 175 33
rect 179 31 182 33
rect 155 20 157 22
rect 180 16 182 31
rect 194 31 197 33
rect 201 31 203 33
rect 194 16 196 31
rect -14 11 -12 14
rect -13 7 -12 11
rect -14 3 -12 7
rect 2 3 4 7
rect 12 3 14 7
rect 22 3 24 7
rect 40 3 42 14
rect 101 11 103 14
rect 49 1 51 11
rect 102 7 103 11
rect -36 -20 -34 -18
rect -36 -37 -34 -26
rect -14 -38 -12 0
rect 2 -2 4 0
rect 12 -2 14 0
rect 22 -2 24 0
rect 40 -2 42 0
rect 49 -1 61 1
rect 101 3 103 7
rect 117 3 119 7
rect 127 3 129 7
rect 137 3 139 7
rect 155 3 157 14
rect 164 1 166 11
rect 180 7 182 12
rect 194 7 196 12
rect 58 -25 60 -23
rect 64 -25 67 -23
rect 40 -36 42 -34
rect -36 -42 -34 -40
rect 65 -40 67 -25
rect 79 -25 82 -23
rect 86 -25 88 -23
rect 79 -40 81 -25
rect 101 -38 103 0
rect 117 -10 119 0
rect 112 -12 119 -10
rect 127 -11 129 0
rect 137 -2 139 0
rect 155 -2 157 0
rect 164 -1 176 1
rect 179 -1 197 1
rect 200 -1 203 1
rect -14 -45 -12 -42
rect -13 -49 -12 -45
rect -14 -53 -12 -49
rect 2 -53 4 -49
rect 12 -53 14 -49
rect 22 -53 24 -49
rect 40 -53 42 -42
rect 49 -55 51 -45
rect 65 -49 67 -44
rect 79 -49 81 -44
rect 101 -45 103 -42
rect 102 -49 103 -45
rect 112 -45 114 -12
rect 123 -15 126 -13
rect 123 -45 125 -15
rect 173 -25 175 -23
rect 179 -25 182 -23
rect 155 -36 157 -34
rect 180 -40 182 -25
rect 194 -25 197 -23
rect 201 -25 203 -23
rect 194 -40 196 -25
rect 112 -47 116 -45
rect 123 -47 126 -45
rect -36 -85 -34 -83
rect -36 -102 -34 -91
rect -14 -94 -12 -56
rect 2 -58 4 -56
rect 12 -58 14 -56
rect 22 -87 24 -56
rect 40 -58 42 -56
rect 49 -57 61 -55
rect 64 -57 82 -55
rect 85 -57 88 -55
rect 101 -53 103 -49
rect 117 -53 119 -49
rect 127 -53 129 -49
rect 137 -53 139 -49
rect 155 -53 157 -42
rect 164 -55 166 -45
rect 180 -49 182 -44
rect 194 -49 196 -44
rect 58 -81 60 -79
rect 64 -81 67 -79
rect 22 -89 33 -87
rect -14 -101 -12 -98
rect -13 -105 -12 -101
rect -36 -107 -34 -105
rect -14 -109 -12 -105
rect 2 -109 4 -105
rect 12 -109 14 -105
rect 22 -109 24 -105
rect -38 -141 -36 -139
rect -38 -158 -36 -147
rect -14 -150 -12 -112
rect 2 -114 4 -112
rect 12 -114 14 -112
rect 22 -114 24 -112
rect 31 -113 33 -89
rect 40 -92 42 -90
rect 65 -96 67 -81
rect 79 -81 82 -79
rect 86 -81 88 -79
rect 79 -96 81 -81
rect 101 -94 103 -56
rect 117 -67 119 -56
rect 127 -58 129 -56
rect 112 -69 119 -67
rect 40 -109 42 -98
rect 49 -111 51 -101
rect 65 -105 67 -100
rect 79 -105 81 -100
rect 101 -101 103 -98
rect 102 -105 103 -101
rect 112 -101 114 -69
rect 137 -85 139 -56
rect 155 -58 157 -56
rect 164 -57 176 -55
rect 179 -57 197 -55
rect 200 -57 203 -55
rect 173 -81 175 -79
rect 179 -81 182 -79
rect 137 -87 148 -85
rect 112 -103 116 -101
rect 8 -116 14 -114
rect 31 -115 36 -113
rect 40 -114 42 -112
rect 49 -113 61 -111
rect 64 -113 82 -111
rect 85 -113 88 -111
rect 101 -109 103 -105
rect 117 -109 119 -105
rect 127 -109 129 -105
rect 137 -109 139 -105
rect -14 -157 -12 -154
rect 8 -157 10 -116
rect 34 -123 36 -115
rect 29 -125 36 -123
rect 25 -145 27 -127
rect 58 -137 60 -135
rect 64 -137 67 -135
rect 25 -147 30 -145
rect 28 -157 30 -147
rect 40 -148 42 -146
rect 65 -152 67 -137
rect 79 -137 82 -135
rect 86 -137 88 -135
rect 79 -152 81 -137
rect 101 -150 103 -112
rect 117 -125 119 -112
rect 127 -125 129 -112
rect 137 -114 139 -112
rect 146 -113 148 -87
rect 155 -92 157 -90
rect 180 -96 182 -81
rect 194 -81 197 -79
rect 201 -81 203 -79
rect 194 -96 196 -81
rect 155 -109 157 -98
rect 164 -111 166 -101
rect 180 -105 182 -100
rect 194 -105 196 -100
rect 146 -115 151 -113
rect 155 -114 157 -112
rect 164 -113 176 -111
rect 179 -113 197 -111
rect 200 -113 203 -111
rect 149 -123 151 -115
rect 112 -127 119 -125
rect 123 -127 129 -125
rect 139 -125 151 -123
rect -13 -161 -12 -157
rect 8 -160 11 -157
rect 25 -159 30 -157
rect -38 -163 -36 -161
rect -14 -165 -12 -161
rect 2 -165 4 -161
rect 12 -165 14 -161
rect 22 -165 24 -161
rect 40 -165 42 -154
rect 49 -167 51 -157
rect 65 -161 67 -156
rect 79 -161 81 -156
rect 101 -157 103 -154
rect 102 -161 103 -157
rect 112 -157 114 -127
rect 123 -157 125 -127
rect 137 -144 139 -127
rect 173 -137 175 -135
rect 179 -137 182 -135
rect 133 -146 139 -144
rect 133 -157 135 -146
rect 155 -148 157 -146
rect 180 -152 182 -137
rect 194 -137 197 -135
rect 201 -137 203 -135
rect 194 -152 196 -137
rect 112 -159 116 -157
rect 123 -159 126 -157
rect 133 -159 136 -157
rect -14 -170 -12 -168
rect 2 -170 4 -168
rect 12 -178 14 -168
rect 22 -170 24 -168
rect 40 -170 42 -168
rect 49 -169 61 -167
rect 64 -169 82 -167
rect 85 -169 88 -167
rect 101 -165 103 -161
rect 117 -165 119 -161
rect 127 -165 129 -161
rect 137 -165 139 -161
rect 155 -165 157 -154
rect 164 -167 166 -157
rect 180 -161 182 -156
rect 194 -161 196 -156
rect 101 -170 103 -168
rect 117 -170 119 -168
rect 127 -178 129 -168
rect 137 -170 139 -168
rect 155 -170 157 -168
rect 164 -169 176 -167
rect 179 -169 197 -167
rect 200 -169 203 -167
rect 12 -180 129 -178
<< ndiffusion >>
rect -15 0 -14 3
rect -12 0 -11 3
rect 1 0 2 3
rect 4 0 6 3
rect 10 0 12 3
rect 14 0 16 3
rect 20 0 22 3
rect 24 0 25 3
rect 39 0 40 3
rect 42 0 43 3
rect -37 -40 -36 -37
rect -34 -40 -33 -37
rect 100 0 101 3
rect 103 0 104 3
rect 116 0 117 3
rect 119 0 121 3
rect 125 0 127 3
rect 129 0 131 3
rect 135 0 137 3
rect 139 0 140 3
rect 179 12 180 16
rect 182 14 194 16
rect 182 12 186 14
rect 154 0 155 3
rect 157 0 158 3
rect 176 1 179 12
rect 190 12 194 14
rect 196 12 197 16
rect 197 1 200 12
rect 176 -4 179 -1
rect 197 -4 200 -1
rect -15 -56 -14 -53
rect -12 -56 -11 -53
rect 1 -56 2 -53
rect 4 -56 6 -53
rect 10 -56 12 -53
rect 14 -56 16 -53
rect 20 -56 22 -53
rect 24 -56 25 -53
rect 64 -44 65 -40
rect 67 -42 79 -40
rect 67 -44 71 -42
rect 39 -56 40 -53
rect 42 -56 43 -53
rect 61 -55 64 -44
rect 75 -44 79 -42
rect 81 -44 82 -40
rect 82 -55 85 -44
rect 100 -56 101 -53
rect 103 -56 104 -53
rect 116 -56 117 -53
rect 119 -56 121 -53
rect 125 -56 127 -53
rect 129 -56 131 -53
rect 135 -56 137 -53
rect 139 -56 140 -53
rect 179 -44 180 -40
rect 182 -42 194 -40
rect 182 -44 186 -42
rect 154 -56 155 -53
rect 157 -56 158 -53
rect 176 -55 179 -44
rect 190 -44 194 -42
rect 196 -44 197 -40
rect 197 -55 200 -44
rect 61 -60 64 -57
rect 82 -60 85 -57
rect -37 -105 -36 -102
rect -34 -105 -33 -102
rect -15 -112 -14 -109
rect -12 -112 -11 -109
rect 1 -112 2 -109
rect 4 -112 6 -109
rect 10 -112 12 -109
rect 14 -112 16 -109
rect 20 -112 22 -109
rect 24 -112 25 -109
rect 64 -100 65 -96
rect 67 -98 79 -96
rect 67 -100 71 -98
rect 39 -112 40 -109
rect 42 -112 43 -109
rect 61 -111 64 -100
rect 75 -100 79 -98
rect 81 -100 82 -96
rect 82 -111 85 -100
rect 176 -60 179 -57
rect 197 -60 200 -57
rect 100 -112 101 -109
rect 103 -112 104 -109
rect 116 -112 117 -109
rect 119 -112 121 -109
rect 125 -112 127 -109
rect 129 -112 131 -109
rect 135 -112 137 -109
rect 139 -112 140 -109
rect 61 -116 64 -113
rect 82 -116 85 -113
rect 179 -100 180 -96
rect 182 -98 194 -96
rect 182 -100 186 -98
rect 154 -112 155 -109
rect 157 -112 158 -109
rect 176 -111 179 -100
rect 190 -100 194 -98
rect 196 -100 197 -96
rect 197 -111 200 -100
rect 176 -116 179 -113
rect 197 -116 200 -113
rect -39 -161 -38 -158
rect -36 -161 -35 -158
rect -15 -168 -14 -165
rect -12 -168 -11 -165
rect 1 -168 2 -165
rect 4 -168 6 -165
rect 10 -168 12 -165
rect 14 -168 16 -165
rect 20 -168 22 -165
rect 24 -168 25 -165
rect 64 -156 65 -152
rect 67 -154 79 -152
rect 67 -156 71 -154
rect 39 -168 40 -165
rect 42 -168 43 -165
rect 61 -167 64 -156
rect 75 -156 79 -154
rect 81 -156 82 -152
rect 82 -167 85 -156
rect 100 -168 101 -165
rect 103 -168 104 -165
rect 116 -168 117 -165
rect 119 -168 121 -165
rect 125 -168 127 -165
rect 129 -168 131 -165
rect 135 -168 137 -165
rect 139 -168 140 -165
rect 179 -156 180 -152
rect 182 -154 194 -152
rect 182 -156 186 -154
rect 154 -168 155 -165
rect 157 -168 158 -165
rect 176 -167 179 -156
rect 190 -156 194 -154
rect 196 -156 197 -152
rect 197 -167 200 -156
rect 61 -172 64 -169
rect 82 -172 85 -169
rect 176 -172 179 -169
rect 197 -172 200 -169
<< pdiffusion >>
rect -15 14 -14 18
rect -12 14 -11 18
rect 39 14 40 20
rect 42 14 43 20
rect 175 33 179 34
rect 197 33 201 34
rect 175 30 179 31
rect 100 14 101 18
rect 103 14 104 18
rect 154 14 155 20
rect 157 14 158 20
rect 197 30 201 31
rect -37 -26 -36 -20
rect -34 -26 -33 -20
rect 60 -23 64 -22
rect 82 -23 86 -22
rect 60 -26 64 -25
rect -15 -42 -14 -38
rect -12 -42 -11 -38
rect 39 -42 40 -36
rect 42 -42 43 -36
rect 82 -26 86 -25
rect 100 -42 101 -38
rect 103 -42 104 -38
rect 175 -23 179 -22
rect 197 -23 201 -22
rect 175 -26 179 -25
rect 154 -42 155 -36
rect 157 -42 158 -36
rect 197 -26 201 -25
rect -37 -91 -36 -85
rect -34 -91 -33 -85
rect 60 -79 64 -78
rect 82 -79 86 -78
rect 60 -82 64 -81
rect -15 -98 -14 -94
rect -12 -98 -11 -94
rect -39 -147 -38 -141
rect -36 -147 -35 -141
rect 39 -98 40 -92
rect 42 -98 43 -92
rect 82 -82 86 -81
rect 100 -98 101 -94
rect 103 -98 104 -94
rect 175 -79 179 -78
rect 197 -79 201 -78
rect 175 -82 179 -81
rect -15 -154 -14 -150
rect -12 -154 -11 -150
rect 60 -135 64 -134
rect 82 -135 86 -134
rect 60 -138 64 -137
rect 39 -154 40 -148
rect 42 -154 43 -148
rect 82 -138 86 -137
rect 154 -98 155 -92
rect 157 -98 158 -92
rect 197 -82 201 -81
rect 100 -154 101 -150
rect 103 -154 104 -150
rect 175 -135 179 -134
rect 197 -135 201 -134
rect 175 -138 179 -137
rect 154 -154 155 -148
rect 157 -154 158 -148
rect 197 -138 201 -137
<< metal1 >>
rect 82 50 193 54
rect 67 43 178 47
rect -19 34 65 38
rect 87 34 175 38
rect 179 34 186 38
rect 190 34 197 38
rect 201 34 212 38
rect -19 32 39 34
rect -15 28 -10 32
rect -6 28 16 32
rect 20 28 28 32
rect 32 28 39 32
rect -19 18 -15 28
rect -11 21 32 25
rect -11 18 -7 21
rect 1 11 5 14
rect 11 11 15 14
rect 21 11 25 14
rect 28 11 32 21
rect 35 20 39 28
rect 96 32 154 34
rect 100 28 105 32
rect 109 28 131 32
rect 135 28 143 32
rect 147 28 154 32
rect 96 18 100 28
rect 104 21 147 25
rect 104 18 108 21
rect 43 11 47 14
rect 116 11 120 14
rect 28 7 36 11
rect 43 7 45 11
rect 126 11 130 14
rect 136 11 140 14
rect 143 11 147 21
rect 150 20 154 28
rect 179 26 190 28
rect 175 24 190 26
rect 158 11 162 14
rect 175 16 179 24
rect 197 21 201 26
rect 186 17 201 21
rect 197 16 201 17
rect 143 7 151 11
rect 158 7 160 11
rect 28 4 32 7
rect 43 4 47 7
rect -7 0 -3 4
rect 29 0 32 4
rect 52 2 57 6
rect 87 4 95 6
rect 143 4 147 7
rect 158 4 162 7
rect 186 6 190 10
rect 87 2 96 4
rect -19 -4 -15 0
rect 35 -4 39 0
rect 52 -4 56 2
rect 91 0 96 2
rect 108 0 112 4
rect 144 0 147 4
rect 167 2 186 6
rect 190 2 203 6
rect -26 -8 -19 -4
rect -15 -8 -10 -4
rect -6 -8 16 -4
rect 20 -8 28 -4
rect 32 -8 56 -4
rect 96 -4 100 0
rect 150 -4 154 0
rect 167 -4 171 2
rect 100 -8 105 -4
rect 109 -8 131 -4
rect 135 -8 143 -4
rect 147 -8 171 -4
rect 179 -8 182 -4
rect 194 -8 197 -4
rect -61 -26 -41 -20
rect -61 -85 -52 -26
rect -33 -29 -29 -26
rect -43 -33 -40 -29
rect -33 -36 -29 -33
rect -41 -53 -37 -40
rect -26 -52 -22 -8
rect -6 -15 126 -11
rect 206 -18 212 34
rect -19 -22 60 -18
rect 64 -22 71 -18
rect 75 -22 82 -18
rect 86 -22 88 -18
rect 96 -22 175 -18
rect 179 -22 186 -18
rect 190 -22 197 -18
rect 201 -22 212 -18
rect -19 -24 39 -22
rect -15 -28 -10 -24
rect -6 -28 16 -24
rect 20 -28 28 -24
rect 32 -28 39 -24
rect 96 -24 154 -22
rect -19 -38 -15 -28
rect -11 -35 32 -31
rect -11 -38 -7 -35
rect 1 -45 5 -42
rect 11 -45 15 -42
rect 21 -45 25 -42
rect 28 -45 32 -35
rect 35 -36 39 -28
rect 64 -30 75 -28
rect 60 -32 75 -30
rect 43 -45 47 -42
rect 60 -40 64 -32
rect 82 -35 86 -30
rect 71 -39 86 -35
rect 82 -40 86 -39
rect 28 -49 36 -45
rect 43 -49 45 -45
rect 100 -28 105 -24
rect 109 -28 131 -24
rect 135 -28 143 -24
rect 147 -28 154 -24
rect 96 -38 100 -28
rect 104 -35 147 -31
rect 104 -38 108 -35
rect 116 -45 120 -42
rect 28 -52 32 -49
rect 43 -52 47 -49
rect 71 -50 75 -46
rect 126 -45 130 -42
rect 136 -45 140 -42
rect 143 -45 147 -35
rect 150 -36 154 -28
rect 179 -30 190 -28
rect 175 -32 190 -30
rect 158 -45 162 -42
rect 175 -40 179 -32
rect 197 -35 201 -30
rect 186 -39 201 -35
rect 197 -40 201 -39
rect 143 -49 151 -45
rect 158 -49 160 -45
rect -26 -53 -19 -52
rect -41 -56 -19 -53
rect -7 -56 -3 -52
rect 29 -56 32 -52
rect 52 -54 71 -50
rect 75 -52 95 -50
rect 143 -52 147 -49
rect 158 -52 162 -49
rect 186 -50 190 -46
rect 75 -54 96 -52
rect -41 -60 -15 -56
rect 35 -60 39 -56
rect 52 -60 56 -54
rect 91 -56 96 -54
rect 108 -56 112 -52
rect 144 -56 147 -52
rect 167 -54 186 -50
rect 190 -54 203 -50
rect 96 -60 100 -56
rect 150 -60 154 -56
rect 167 -60 171 -54
rect -26 -64 -19 -60
rect -15 -64 -10 -60
rect -6 -64 16 -60
rect 20 -64 28 -60
rect 32 -64 56 -60
rect 64 -64 67 -60
rect 79 -64 82 -60
rect 100 -64 105 -60
rect 109 -64 131 -60
rect 135 -64 143 -60
rect 147 -64 171 -60
rect 179 -64 182 -60
rect 194 -64 197 -60
rect -61 -91 -41 -85
rect -61 -141 -52 -91
rect -33 -94 -29 -91
rect -43 -98 -40 -94
rect -33 -101 -29 -98
rect -41 -112 -37 -105
rect -26 -108 -22 -64
rect 206 -74 212 -22
rect -19 -78 60 -74
rect 64 -78 71 -74
rect 75 -78 82 -74
rect 86 -78 175 -74
rect 179 -78 186 -74
rect 190 -78 197 -74
rect 201 -78 212 -74
rect -19 -80 39 -78
rect -15 -84 -10 -80
rect -6 -84 16 -80
rect 20 -84 28 -80
rect 32 -84 39 -80
rect 95 -80 154 -78
rect 95 -81 96 -80
rect -19 -94 -15 -84
rect -11 -91 32 -87
rect -11 -94 -7 -91
rect 1 -101 5 -98
rect 11 -101 15 -98
rect 21 -101 25 -98
rect 28 -101 32 -91
rect 35 -92 39 -84
rect 64 -86 75 -84
rect 60 -88 75 -86
rect 43 -101 47 -98
rect 60 -96 64 -88
rect 82 -91 86 -86
rect 71 -95 86 -91
rect 82 -96 86 -95
rect 28 -105 36 -101
rect 43 -105 45 -101
rect 100 -84 105 -80
rect 109 -84 131 -80
rect 135 -84 143 -80
rect 147 -84 154 -80
rect 96 -94 100 -84
rect 104 -91 147 -87
rect 104 -94 108 -91
rect 116 -101 120 -98
rect 28 -108 32 -105
rect 43 -108 47 -105
rect 71 -106 75 -102
rect 126 -101 130 -98
rect 136 -101 140 -98
rect 143 -101 147 -91
rect 150 -92 154 -84
rect 179 -86 190 -84
rect 175 -88 190 -86
rect 158 -101 162 -98
rect 175 -96 179 -88
rect 197 -91 201 -86
rect 186 -95 201 -91
rect 197 -96 201 -95
rect 143 -105 151 -101
rect 158 -105 160 -101
rect -26 -112 -19 -108
rect -7 -112 -3 -108
rect 29 -112 32 -108
rect 52 -110 71 -106
rect 75 -108 95 -106
rect 143 -108 147 -105
rect 158 -108 162 -105
rect 186 -106 190 -102
rect 75 -110 96 -108
rect -41 -116 -15 -112
rect 35 -116 39 -112
rect 52 -116 56 -110
rect 91 -112 96 -110
rect 108 -112 112 -108
rect 144 -112 147 -108
rect 167 -110 186 -106
rect 190 -110 203 -106
rect 96 -116 100 -112
rect 150 -116 154 -112
rect 167 -116 171 -110
rect -41 -119 -19 -116
rect -26 -120 -19 -119
rect -15 -120 -10 -116
rect -6 -120 16 -116
rect 20 -120 28 -116
rect 32 -120 56 -116
rect 64 -120 67 -116
rect 79 -120 82 -116
rect 100 -120 105 -116
rect 109 -120 131 -116
rect 135 -120 143 -116
rect 147 -120 171 -116
rect 179 -120 182 -116
rect 194 -120 197 -116
rect -61 -147 -43 -141
rect -61 -184 -52 -147
rect -35 -150 -31 -147
rect -45 -154 -42 -150
rect -35 -157 -31 -154
rect -43 -169 -39 -161
rect -26 -164 -22 -120
rect 29 -127 135 -123
rect 206 -130 212 -78
rect -19 -134 60 -130
rect 64 -134 71 -130
rect 75 -134 82 -130
rect 86 -134 175 -130
rect 179 -134 186 -130
rect 190 -134 197 -130
rect 201 -134 212 -130
rect -19 -136 39 -134
rect -15 -140 -10 -136
rect -6 -140 16 -136
rect 20 -140 28 -136
rect 32 -140 39 -136
rect 96 -136 154 -134
rect -19 -150 -15 -140
rect -11 -147 32 -143
rect -11 -150 -7 -147
rect 1 -157 5 -154
rect 11 -157 15 -154
rect 21 -157 25 -154
rect 28 -157 32 -147
rect 35 -148 39 -140
rect 64 -142 75 -140
rect 60 -144 75 -142
rect 43 -157 47 -154
rect 60 -152 64 -144
rect 82 -147 86 -142
rect 71 -151 86 -147
rect 82 -152 86 -151
rect 28 -161 36 -157
rect 43 -161 45 -157
rect 100 -140 105 -136
rect 109 -140 131 -136
rect 135 -140 143 -136
rect 147 -140 154 -136
rect 96 -150 100 -140
rect 104 -147 147 -143
rect 104 -150 108 -147
rect 116 -157 120 -154
rect 28 -164 32 -161
rect 43 -164 47 -161
rect 71 -162 75 -158
rect 126 -157 130 -154
rect 136 -157 140 -154
rect 143 -157 147 -147
rect 150 -148 154 -140
rect 179 -142 190 -140
rect 175 -144 190 -142
rect 158 -157 162 -154
rect 175 -152 179 -144
rect 197 -147 201 -142
rect 186 -151 201 -147
rect 197 -152 201 -151
rect 143 -161 151 -157
rect 158 -161 160 -157
rect -26 -168 -19 -164
rect -7 -168 -3 -164
rect 29 -168 32 -164
rect 52 -166 71 -162
rect 75 -164 95 -162
rect 143 -164 147 -161
rect 158 -164 162 -161
rect 186 -162 190 -158
rect 75 -166 96 -164
rect -26 -169 -15 -168
rect -43 -172 -15 -169
rect 35 -172 39 -168
rect 52 -172 56 -166
rect 91 -168 96 -166
rect 108 -168 112 -164
rect 144 -168 147 -164
rect 167 -166 186 -162
rect 190 -166 203 -162
rect 96 -172 100 -168
rect 150 -172 154 -168
rect 167 -172 171 -166
rect -43 -176 -19 -172
rect -15 -176 -10 -172
rect -6 -176 16 -172
rect 20 -176 28 -172
rect 32 -176 56 -172
rect 64 -176 67 -172
rect 79 -176 82 -172
rect 100 -176 105 -172
rect 109 -176 131 -172
rect 135 -176 143 -172
rect 147 -176 171 -172
rect 179 -176 182 -172
rect 194 -176 197 -172
rect 206 -184 212 -134
rect -61 -192 212 -184
<< metal2 >>
rect 21 58 140 62
rect 21 33 25 58
rect 64 37 67 43
rect 79 38 82 50
rect -33 30 25 33
rect -33 -29 -29 30
rect -67 -33 -47 -29
rect -24 22 15 26
rect -24 -11 -20 22
rect 11 18 15 22
rect -24 -15 -10 -11
rect -67 -198 -63 -33
rect -24 -94 -20 -15
rect -57 -98 -47 -94
rect -29 -98 -20 -94
rect 1 -38 5 14
rect 11 -38 15 14
rect 21 18 25 30
rect 21 -30 25 14
rect 21 -34 33 -30
rect 1 -94 5 -42
rect 29 -94 33 -34
rect 25 -98 33 -94
rect -57 -189 -53 -98
rect 1 -150 5 -98
rect -31 -154 1 -150
rect -49 -180 -45 -154
rect 64 -176 67 29
rect 136 18 140 58
rect 140 14 148 18
rect 79 -176 82 3
rect 144 -68 148 14
rect 136 -72 148 -68
rect 136 -94 140 -72
rect 136 -150 140 -149
rect 116 -180 120 -154
rect -49 -185 120 -180
rect 126 -189 130 -154
rect -57 -194 130 -189
rect 136 -198 140 -154
rect 179 -180 182 43
rect 194 -181 197 50
rect -67 -203 140 -198
<< ntransistor >>
rect -14 0 -12 3
rect 2 0 4 3
rect 12 0 14 3
rect 22 0 24 3
rect 40 0 42 3
rect -36 -40 -34 -37
rect 101 0 103 3
rect 117 0 119 3
rect 127 0 129 3
rect 137 0 139 3
rect 180 12 182 16
rect 155 0 157 3
rect 194 12 196 16
rect 176 -1 179 1
rect 197 -1 200 1
rect -14 -56 -12 -53
rect 2 -56 4 -53
rect 12 -56 14 -53
rect 22 -56 24 -53
rect 65 -44 67 -40
rect 40 -56 42 -53
rect 79 -44 81 -40
rect 61 -57 64 -55
rect 82 -57 85 -55
rect 101 -56 103 -53
rect 117 -56 119 -53
rect 127 -56 129 -53
rect 137 -56 139 -53
rect 180 -44 182 -40
rect 155 -56 157 -53
rect 194 -44 196 -40
rect -36 -105 -34 -102
rect -14 -112 -12 -109
rect 2 -112 4 -109
rect 12 -112 14 -109
rect 22 -112 24 -109
rect 65 -100 67 -96
rect 40 -112 42 -109
rect 79 -100 81 -96
rect 176 -57 179 -55
rect 197 -57 200 -55
rect 61 -113 64 -111
rect 82 -113 85 -111
rect 101 -112 103 -109
rect 117 -112 119 -109
rect 127 -112 129 -109
rect 137 -112 139 -109
rect 180 -100 182 -96
rect 155 -112 157 -109
rect 194 -100 196 -96
rect 176 -113 179 -111
rect 197 -113 200 -111
rect -38 -161 -36 -158
rect -14 -168 -12 -165
rect 2 -168 4 -165
rect 12 -168 14 -165
rect 22 -168 24 -165
rect 65 -156 67 -152
rect 40 -168 42 -165
rect 79 -156 81 -152
rect 61 -169 64 -167
rect 82 -169 85 -167
rect 101 -168 103 -165
rect 117 -168 119 -165
rect 127 -168 129 -165
rect 137 -168 139 -165
rect 180 -156 182 -152
rect 155 -168 157 -165
rect 194 -156 196 -152
rect 176 -169 179 -167
rect 197 -169 200 -167
<< ptransistor >>
rect -14 14 -12 18
rect 40 14 42 20
rect 175 31 179 33
rect 101 14 103 18
rect 155 14 157 20
rect 197 31 201 33
rect -36 -26 -34 -20
rect 60 -25 64 -23
rect -14 -42 -12 -38
rect 40 -42 42 -36
rect 82 -25 86 -23
rect 101 -42 103 -38
rect 175 -25 179 -23
rect 155 -42 157 -36
rect 197 -25 201 -23
rect -36 -91 -34 -85
rect 60 -81 64 -79
rect -14 -98 -12 -94
rect -38 -147 -36 -141
rect 40 -98 42 -92
rect 82 -81 86 -79
rect 101 -98 103 -94
rect 175 -81 179 -79
rect -14 -154 -12 -150
rect 60 -137 64 -135
rect 40 -154 42 -148
rect 82 -137 86 -135
rect 155 -98 157 -92
rect 197 -81 201 -79
rect 101 -154 103 -150
rect 175 -137 179 -135
rect 155 -154 157 -148
rect 197 -137 201 -135
<< polycontact >>
rect 190 24 194 28
rect 182 17 186 21
rect -17 7 -13 11
rect 1 7 5 11
rect 11 7 15 11
rect 21 7 25 11
rect 36 7 40 11
rect 45 7 49 11
rect 98 7 102 11
rect 116 7 120 11
rect 126 7 130 11
rect 136 7 140 11
rect 151 7 155 11
rect -40 -33 -36 -29
rect 160 7 164 11
rect 75 -32 79 -28
rect 67 -39 71 -35
rect -17 -49 -13 -45
rect 1 -49 5 -45
rect 11 -49 15 -45
rect 21 -49 25 -45
rect 36 -49 40 -45
rect 45 -49 49 -45
rect 98 -49 102 -45
rect 126 -15 130 -11
rect 190 -32 194 -28
rect 182 -39 186 -35
rect 116 -49 120 -45
rect 126 -49 130 -45
rect 136 -49 140 -45
rect 151 -49 155 -45
rect -40 -98 -36 -94
rect 160 -49 164 -45
rect -17 -105 -13 -101
rect 1 -105 5 -101
rect 11 -105 15 -101
rect 21 -105 25 -101
rect -42 -154 -38 -150
rect 75 -88 79 -84
rect 67 -95 71 -91
rect 36 -105 40 -101
rect 45 -105 49 -101
rect 98 -105 102 -101
rect 116 -105 120 -101
rect 126 -105 130 -101
rect 136 -105 140 -101
rect 25 -127 29 -123
rect 75 -144 79 -140
rect 67 -151 71 -147
rect 190 -88 194 -84
rect 182 -95 186 -91
rect 151 -105 155 -101
rect 160 -105 164 -101
rect 135 -127 139 -123
rect -17 -161 -13 -157
rect 1 -161 5 -157
rect 11 -161 15 -157
rect 21 -161 25 -157
rect 36 -161 40 -157
rect 45 -161 49 -157
rect 98 -161 102 -157
rect 190 -144 194 -140
rect 182 -151 186 -147
rect 116 -161 120 -157
rect 126 -161 130 -157
rect 136 -161 140 -157
rect 151 -161 155 -157
rect 160 -161 164 -157
<< ndcontact >>
rect -19 0 -15 4
rect -11 0 -7 4
rect -3 0 1 4
rect 6 0 10 4
rect 16 0 20 4
rect 25 0 29 4
rect 35 0 39 4
rect 43 0 47 4
rect -41 -40 -37 -36
rect -33 -40 -29 -36
rect 96 0 100 4
rect 104 0 108 4
rect 112 0 116 4
rect 121 0 125 4
rect 131 0 135 4
rect 140 0 144 4
rect 150 0 154 4
rect 175 12 179 16
rect 158 0 162 4
rect 186 10 190 14
rect 197 12 201 16
rect 175 -8 179 -4
rect 197 -8 201 -4
rect -19 -56 -15 -52
rect -11 -56 -7 -52
rect -3 -56 1 -52
rect 6 -56 10 -52
rect 16 -56 20 -52
rect 25 -56 29 -52
rect 35 -56 39 -52
rect 60 -44 64 -40
rect 43 -56 47 -52
rect 71 -46 75 -42
rect 82 -44 86 -40
rect -41 -105 -37 -101
rect 96 -56 100 -52
rect 104 -56 108 -52
rect 112 -56 116 -52
rect 121 -56 125 -52
rect 131 -56 135 -52
rect 140 -56 144 -52
rect 150 -56 154 -52
rect 175 -44 179 -40
rect 158 -56 162 -52
rect 186 -46 190 -42
rect 197 -44 201 -40
rect 60 -64 64 -60
rect 82 -64 86 -60
rect -33 -105 -29 -101
rect -19 -112 -15 -108
rect -11 -112 -7 -108
rect -3 -112 1 -108
rect 6 -112 10 -108
rect 16 -112 20 -108
rect 25 -112 29 -108
rect -43 -161 -39 -157
rect 35 -112 39 -108
rect 60 -100 64 -96
rect 43 -112 47 -108
rect 71 -102 75 -98
rect 82 -100 86 -96
rect 175 -64 179 -60
rect 197 -64 201 -60
rect 96 -112 100 -108
rect 104 -112 108 -108
rect 112 -112 116 -108
rect 121 -112 125 -108
rect 131 -112 135 -108
rect 140 -112 144 -108
rect 60 -120 64 -116
rect 82 -120 86 -116
rect 150 -112 154 -108
rect 175 -100 179 -96
rect 158 -112 162 -108
rect 186 -102 190 -98
rect 197 -100 201 -96
rect 175 -120 179 -116
rect 197 -120 201 -116
rect -35 -161 -31 -157
rect -19 -168 -15 -164
rect -11 -168 -7 -164
rect -3 -168 1 -164
rect 6 -168 10 -164
rect 16 -168 20 -164
rect 25 -168 29 -164
rect 35 -168 39 -164
rect 60 -156 64 -152
rect 43 -168 47 -164
rect 71 -158 75 -154
rect 82 -156 86 -152
rect 96 -168 100 -164
rect 104 -168 108 -164
rect 112 -168 116 -164
rect 121 -168 125 -164
rect 131 -168 135 -164
rect 140 -168 144 -164
rect 150 -168 154 -164
rect 175 -156 179 -152
rect 158 -168 162 -164
rect 186 -158 190 -154
rect 197 -156 201 -152
rect 60 -176 64 -172
rect 82 -176 86 -172
rect 175 -176 179 -172
rect 197 -176 201 -172
<< pdcontact >>
rect -19 14 -15 18
rect -11 14 -7 18
rect 35 14 39 20
rect 43 14 47 20
rect 175 34 179 38
rect 197 34 201 38
rect 175 26 179 30
rect 96 14 100 18
rect 104 14 108 18
rect 150 14 154 20
rect 158 14 162 20
rect 197 26 201 30
rect -41 -26 -37 -20
rect -33 -26 -29 -20
rect 60 -22 64 -18
rect 82 -22 86 -18
rect 60 -30 64 -26
rect -19 -42 -15 -38
rect -11 -42 -7 -38
rect 35 -42 39 -36
rect 43 -42 47 -36
rect 82 -30 86 -26
rect 96 -42 100 -38
rect 104 -42 108 -38
rect 175 -22 179 -18
rect 197 -22 201 -18
rect 175 -30 179 -26
rect 150 -42 154 -36
rect 158 -42 162 -36
rect 197 -30 201 -26
rect -41 -91 -37 -85
rect -33 -91 -29 -85
rect 60 -78 64 -74
rect 82 -78 86 -74
rect 60 -86 64 -82
rect -19 -98 -15 -94
rect -11 -98 -7 -94
rect -43 -147 -39 -141
rect -35 -147 -31 -141
rect 35 -98 39 -92
rect 43 -98 47 -92
rect 82 -86 86 -82
rect 96 -98 100 -94
rect 104 -98 108 -94
rect 175 -78 179 -74
rect 197 -78 201 -74
rect 175 -86 179 -82
rect -19 -154 -15 -150
rect -11 -154 -7 -150
rect 60 -134 64 -130
rect 82 -134 86 -130
rect 60 -142 64 -138
rect 35 -154 39 -148
rect 43 -154 47 -148
rect 82 -142 86 -138
rect 150 -98 154 -92
rect 158 -98 162 -92
rect 197 -86 201 -82
rect 96 -154 100 -150
rect 104 -154 108 -150
rect 175 -134 179 -130
rect 197 -134 201 -130
rect 175 -142 179 -138
rect 150 -154 154 -148
rect 158 -154 162 -148
rect 197 -142 201 -138
<< m2contact >>
rect 78 50 82 54
rect 193 50 197 54
rect 63 43 67 47
rect 178 43 182 47
rect 1 14 5 18
rect 11 14 15 18
rect 21 14 25 18
rect 116 14 120 18
rect 126 14 130 18
rect 136 14 140 18
rect 182 -8 186 -4
rect 190 -8 194 -4
rect -47 -33 -43 -29
rect -33 -33 -29 -29
rect -10 -15 -6 -11
rect 1 -42 5 -38
rect 11 -42 15 -38
rect 21 -42 25 -38
rect 116 -42 120 -38
rect 126 -42 130 -38
rect 136 -42 140 -38
rect 67 -64 71 -60
rect 75 -64 79 -60
rect 182 -64 186 -60
rect 190 -64 194 -60
rect -47 -98 -43 -94
rect -33 -98 -29 -94
rect 1 -98 5 -94
rect 11 -98 15 -94
rect 21 -98 25 -94
rect 116 -98 120 -94
rect 126 -98 130 -94
rect 136 -98 140 -94
rect 67 -120 71 -116
rect 75 -120 79 -116
rect 182 -120 186 -116
rect 190 -120 194 -116
rect -49 -154 -45 -150
rect -35 -154 -31 -150
rect 1 -154 5 -150
rect 11 -154 15 -150
rect 21 -154 25 -150
rect 116 -154 120 -150
rect 126 -154 130 -150
rect 136 -154 140 -150
rect 67 -176 71 -172
rect 75 -176 79 -172
rect 182 -176 186 -172
rect 190 -176 194 -172
<< psubstratepcontact >>
rect -19 -8 -15 -4
rect 186 2 190 6
rect -10 -8 -6 -4
rect 16 -8 20 -4
rect 28 -8 32 -4
rect 96 -8 100 -4
rect 105 -8 109 -4
rect 131 -8 135 -4
rect 143 -8 147 -4
rect 71 -54 75 -50
rect -19 -64 -15 -60
rect -10 -64 -6 -60
rect 16 -64 20 -60
rect 186 -54 190 -50
rect 28 -64 32 -60
rect 96 -64 100 -60
rect -19 -120 -15 -116
rect 105 -64 109 -60
rect 131 -64 135 -60
rect 71 -110 75 -106
rect 143 -64 147 -60
rect -10 -120 -6 -116
rect 16 -120 20 -116
rect 28 -120 32 -116
rect 96 -120 100 -116
rect 105 -120 109 -116
rect 186 -110 190 -106
rect 131 -120 135 -116
rect 143 -120 147 -116
rect 71 -166 75 -162
rect -19 -176 -15 -172
rect -10 -176 -6 -172
rect 186 -166 190 -162
rect 16 -176 20 -172
rect 28 -176 32 -172
rect 96 -176 100 -172
rect 105 -176 109 -172
rect 131 -176 135 -172
rect 143 -176 147 -172
<< nsubstratencontact >>
rect -19 28 -15 32
rect -10 28 -6 32
rect 16 28 20 32
rect 28 28 32 32
rect 96 28 100 32
rect 186 34 190 38
rect 105 28 109 32
rect 131 28 135 32
rect 143 28 147 32
rect -19 -28 -15 -24
rect 71 -22 75 -18
rect -10 -28 -6 -24
rect 16 -28 20 -24
rect 28 -28 32 -24
rect 96 -28 100 -24
rect 105 -28 109 -24
rect 186 -22 190 -18
rect 131 -28 135 -24
rect 143 -28 147 -24
rect -19 -84 -15 -80
rect -10 -84 -6 -80
rect 16 -84 20 -80
rect 71 -78 75 -74
rect 28 -84 32 -80
rect -19 -140 -15 -136
rect 96 -84 100 -80
rect 105 -84 109 -80
rect 131 -84 135 -80
rect 186 -78 190 -74
rect 143 -84 147 -80
rect -10 -140 -6 -136
rect 16 -140 20 -136
rect 71 -134 75 -130
rect 28 -140 32 -136
rect 96 -140 100 -136
rect 105 -140 109 -136
rect 131 -140 135 -136
rect 186 -134 190 -130
rect 143 -140 147 -136
use SRAM_6t  SRAM_6t_0
timestamp 1765642530
transform 1 0 54 0 1 -3
box 3 -5 35 41
<< labels >>
rlabel polycontact 116 -161 120 -157 0 A2
rlabel polycontact 126 -161 130 -157 0 A1
rlabel polycontact 136 -161 140 -157 0 A0
rlabel metal1 115 -137 122 -131 0 VDD
rlabel metal1 150 -176 154 -172 0 GND
rlabel metal1 143 -161 147 -157 0 OUT7
rlabel polycontact 160 -161 164 -157 0 WL7
rlabel polycontact 160 -105 164 -101 0 WL6
rlabel metal1 125 -91 129 -87 0 OUT6
rlabel metal1 128 -35 132 -31 0 OUT5
rlabel polycontact 160 -49 164 -45 0 WL5
rlabel metal1 125 21 129 25 0 OUT4
rlabel polycontact 160 7 164 11 0 WL4
rlabel polycontact 45 7 49 11 0 WL0
rlabel metal1 28 7 32 11 0 OUT0
rlabel metal1 16 -35 20 -31 0 OUT1
rlabel polycontact 45 -49 49 -45 0 WL1
rlabel metal1 12 -91 16 -87 0 OUT2
rlabel polycontact 45 -105 49 -101 0 WL2
rlabel metal1 15 -147 19 -143 0 OUT3
rlabel polycontact 45 -161 49 -157 0 WL3
rlabel metal2 179 -180 182 -176 0 notBL
rlabel metal2 194 -181 197 -177 0 BL
rlabel m2contact -35 -154 -31 -150 0 notA2
rlabel m2contact -33 -98 -29 -94 0 notA1
rlabel m2contact -33 -33 -29 -29 0 notA0
rlabel polycontact 98 -161 102 -157 0 Clk
<< end >>
